$ 1 0.000005 10.200277308269968 50 5 50
155 352 288 400 288 0 5
155 560 288 592 288 0 5
w 352 320 304 320 0
w 352 320 352 400 0
w 352 400 544 400 0
w 544 400 544 320 0
w 544 320 560 320 0
w 448 352 512 352 0
w 512 352 512 288 0
w 512 288 560 288 0
w 352 288 336 288 0
w 336 288 336 416 0
w 336 416 672 416 0
w 672 416 672 288 0
w 672 288 656 288 0
w 656 352 688 352 0
w 688 352 688 224 0
w 512 288 512 224 0
w 336 288 336 224 0
w 448 288 448 224 0
R 304 320 272 320 1 2 100 2.5 2.5 0 0.5
x 287 241 329 244 0 24 Ph0
x 401 245 443 248 0 24 Ph1
x 466 245 508 248 0 24 Ph3
x 640 241 682 244 0 24 Ph2
151 336 96 416 96 0 2 0
151 464 96 528 96 0 2 5
151 576 96 640 96 0 2 5
151 688 96 752 96 0 2 5
w 416 96 416 16 0
w 528 96 528 16 0
w 640 96 640 16 0
w 752 96 752 16 0
w 448 224 448 192 0
w 448 192 336 192 0
w 336 192 336 112 0
w 336 224 320 224 0
w 320 224 320 80 0
w 320 80 336 80 0
w 448 192 448 80 0
w 448 80 464 80 0
w 688 224 688 192 0
w 688 192 576 192 0
w 576 192 576 112 0
w 576 192 464 192 0
w 464 192 464 112 0
w 512 224 512 144 0
w 512 144 560 144 0
w 560 144 560 80 0
w 560 80 576 80 0
w 560 144 656 144 0
w 656 144 656 80 0
w 656 80 688 80 0
w 688 112 688 160 0
w 688 160 304 160 0
w 304 160 304 224 0
w 304 224 320 224 0
x 360 31 404 34 0 24 Cp0
x 467 29 511 32 0 24 Cp1
x 579 27 623 30 0 24 Cp2
x 692 29 736 32 0 24 Cp3
o 29 64 0 551 5 0.00009765625 0 -1
o 30 64 0 551 5 0.00009765625 0 -1
o 31 64 0 551 5 0.00009765625 0 -1
o 32 64 0 551 5 0.00009765625 0 -1
