$ 1 0.000005 7.6197856572970615 54 5 50
155 352 288 400 288 0 5
155 560 288 592 288 0 5
w 352 320 304 320 0
w 352 320 352 400 0
w 352 400 544 400 0
w 544 400 544 320 0
w 544 320 560 320 0
w 448 352 512 352 0
w 512 352 512 288 0
w 512 288 560 288 0
w 320 288 320 416 0
w 320 416 672 416 0
w 672 416 672 288 0
w 672 288 656 288 0
w 656 352 688 352 0
w 688 352 688 224 0
w 512 288 512 224 0
w 448 288 448 224 0
R 128 304 80 304 1 2 100 2.5 2.5 0 0.5
x 324 233 366 236 0 24 Ph0
x 405 230 447 233 0 24 Ph1
x 465 228 507 231 0 24 Ph3
x 640 229 682 232 0 24 Ph2
151 336 96 416 96 0 2 0
151 464 96 528 96 0 2 0
151 576 96 640 96 0 2 0
151 688 96 752 96 0 2 0
w 416 96 416 16 0
w 528 96 528 16 0
w 640 96 640 16 0
w 752 96 752 16 0
w 448 224 448 192 0
w 448 192 336 192 0
w 336 192 336 112 0
w 448 192 448 80 0
w 448 80 464 80 0
w 688 224 688 192 0
w 688 192 576 192 0
w 576 192 576 112 0
w 576 192 464 192 0
w 464 192 464 112 0
w 512 224 512 144 0
w 512 144 560 144 0
w 560 144 560 80 0
w 560 80 576 80 0
w 560 144 656 144 0
w 656 144 656 80 0
w 656 80 688 80 0
w 688 112 688 160 0
w 320 160 320 224 0
x 360 31 404 34 0 24 Cp0
x 479 32 523 35 0 24 Cp1
x 587 29 631 32 0 24 Cp2
x 700 34 744 37 0 24 Cp3
s 64 176 96 176 0 1 true
w 112 176 96 176 0
t 192 176 224 176 0 1 4.905527139322837e-9 4.95458240926677e-9 100
g 224 192 224 208 0
r 224 160 224 112 0 270
R 240 352 224 352 0 0 40 5 0 0 0.5
w 64 160 64 176 0
R 64 160 48 160 0 0 40 5 0 0 0.5
r 112 176 144 176 0 1000
c 144 176 144 208 0 0.000001 4.95458240926677e-9
g 144 208 144 224 0
w 144 176 192 176 1
r 192 176 192 224 0 100000
g 192 224 192 240 0
w 288 320 304 320 0
151 144 320 192 320 0 2 0
w 144 304 128 304 0
d 240 320 224 320 1 0.805904783
w 192 320 224 320 0
w 240 320 288 320 0
w 144 464 192 464 0
155 192 464 256 464 1024 5
w 288 496 304 496 0
w 304 496 304 560 0
r 368 464 368 512 0 1000
x 53 209 115 212 0 24 STEP
S 368 512 432 512 1 2 false 0
w 464 528 432 528 0
x 507 566 676 569 0 24 3) Single Phase
x 506 533 578 536 0 24 2) Run
x 505 498 717 501 0 24 1) Single Instruction
w 752 96 752 464 0
w 752 464 448 464 0
w 448 464 448 496 0
w 448 496 432 496 0
w 688 160 320 160 0
w 320 160 320 80 0
w 320 80 336 80 0
w 352 288 320 288 0
w 320 288 320 224 0
g 464 528 464 560 0
R 224 112 224 80 0 0 40 5 0 0 0.5
w 288 320 288 160 0
w 288 160 224 160 0
w 144 336 144 464 0
w 128 304 128 560 0
w 128 560 304 560 0
R 368 464 368 448 0 0 40 5 0 0 0.5
w 368 512 336 512 0
w 336 512 336 464 0
w 336 464 288 464 0
